# Experiment IPTS-16012 Run 137848
# Run start time: 2016-02-27T02:27:17.319875666
# Reduction time: Mon Feb 29 11:23:28 2016
# Mantid version: 3.6.20160226.2001
# DataRun   NormRun   TwoTheta(deg)  LambdaMin(A)   LambdaMax(A) Qmin(1/A)    Qmax(1/A)    SF_A         SF_B         PrimaryFrac 
# 137848    137836    1.23318        13.3001        16.7001      0.0080       0.0101       1.0          0.0          0.9840      
# 137849    137837    1.234          10.8096        14.2106      0.0095       0.0125       1.0          0.0          0.9732      
# 137850    137838    1.23378        7.85958        11.2606      0.0120       0.0172       4.3780       -1.187       0.9707      
# 137851    137839    1.23408        4.87003        8.27006      0.0163       0.0277       34.039       -0.000       0.9733      
# 137852    137840    1.41317        2.55002        5.95004      0.0260       0.0607       80.344       0.0008       0.9106      
# 137853    137840    2.77079        2.55002        5.95004      0.0510       0.1191       310.61       0.0073       0.8209      
# 137854    137840    5.45341        2.55002        5.95004      0.1004       0.2344       1395.8       0.0199       0.8081      
# dQ0[1/Angstrom] = 0.0004
# dQ/Q = 0.023
# Q[1/Angstrom] R delta_R Precision
0.00813134477779 1.03349104425 0.148384796553 0.000587020929889
0.00817200150168 1.14494784151 0.155302837703 0.000587956034539
0.00821286150919 0.971489240068 0.134152018942 0.000588895814711
0.00825392581673 0.973270772049 0.137182599968 0.000589840293785
0.00829519544582 1.12426159051 0.141296787169 0.000590789495254
0.00833667142305 1.11108510286 0.140563117395 0.00059174344273
0.00837835478016 1.05621491272 0.132079632763 0.000592702159944
0.00842024655406 0.908891819675 0.123981487589 0.000593665670743
0.00846234778683 0.779784630591 0.111212401353 0.000594633999097
0.00850465952577 0.897447906576 0.11580141876 0.000595607169093
0.0085471828234 1.11780521206 0.128172277674 0.000596585204938
0.00858991873751 0.914730671328 0.113599184471 0.000597568130963
0.0086328683312 0.905373409315 0.109353367517 0.000598555971618
0.00867603267286 1.01978159775 0.117961657812 0.000599548751476
0.00871941283622 0.979601607709 0.114892276994 0.000600546495233
0.0087630099004 1.07786566529 0.115818349407 0.000601549227709
0.0088068249499 0.993083889196 0.108912406747 0.000602556973848
0.00885085907465 0.915835993157 0.10372084824 0.000603569758717
0.00889511337003 1.0094377744 0.107375572639 0.000604587607511
0.00893958893688 1.05048992525 0.108623869278 0.000605610545548
0.00898428688156 0.932723532381 0.102810173629 0.000606638598276
0.00902920831597 1.13322310594 0.107413293896 0.000607671791267
0.00907435435755 0.910792965756 0.0952535040557 0.000608710150224
0.00911972612934 1.04003315848 0.0983225643555 0.000609753700975
0.00916532475998 1.04445374078 0.100365820391 0.00061080246948
0.00921115138378 0.970914125141 0.0936696990436 0.000611856481827
0.0092572071407 1.09873652794 0.0990903195842 0.000612915764236
0.00930349317641 1.01864901646 0.0949607747866 0.000613980343057
0.00935001064229 0.911255663573 0.0884623038892 0.000615050244773
0.0093967606955 1.00656148148 0.0918741991726 0.000616125495996
0.00944374449898 0.870882212855 0.0835680073403 0.000617206123476
0.00949096322147 0.971912300667 0.0863309947989 0.000618292154094
0.00953841803758 0.984695075998 0.084817843159 0.000619383614864
0.00958611012777 1.05075745534 0.0629638080341 0.000620480532939
0.00963404067841 1.05168659588 0.0614974865258 0.000621582935603
0.0096822108818 0.873083573621 0.054953491553 0.000622690850281
0.00973062193621 0.820684964906 0.05294491387 0.000623804304533
0.00977927504589 1.00655052552 0.0570597140918 0.000624923326055
0.00982817142112 1.06073398506 0.0589952593041 0.000626047942686
0.00987731227822 0.992190314846 0.0564727104756 0.000627178182399
0.00992669883961 0.953123417993 0.0538653963424 0.000628314073311
0.00997633233381 1.01326419432 0.054872957462 0.000629455643678
0.0100262139955 0.953993589635 0.0529319597189 0.000630602921896
0.0100763450655 0.89554978129 0.0492843986138 0.000631755936506
0.0101267267908 0.801351535129 0.0458656014306 0.000632914716188
0.0101773604247 0.844918506435 0.0686213149789 0.000634079289769
0.0102282472269 0.773519184802 0.0664032809292 0.000635249686218
0.010279388463 0.813082590402 0.0641207220518 0.000636425934649
0.0103307854053 0.659922376658 0.0586367052362 0.000637608064322
0.0103824393323 0.619513521549 0.0538650237502 0.000638796104644
0.010434351529 0.546664580785 0.0512776928762 0.000639990085167
0.0104865232866 0.439419798567 0.0439686116775 0.000641190035593
0.0105389559031 0.404615011711 0.0417637596233 0.000642395985771
0.0105916506826 0.490906745472 0.0461172273188 0.0006436079657
0.010644608936 0.279059693537 0.0344542592848 0.000644826005528
0.0106978319807 0.305547552611 0.0355249076647 0.000646050135556
0.0107513211406 0.280289558594 0.0341812284723 0.000647280386234
0.0108050777463 0.274683320349 0.0326970884996 0.000648516788165
0.010859103135 0.209201019101 0.0294843016585 0.000649759372106
0.0109133986507 0.225310043326 0.0292433471291 0.000651008168966
0.010967965644 0.194150201467 0.0267364117778 0.000652263209811
0.0110228054722 0.240607865177 0.0295679500054 0.00065352452586
0.0110779194995 0.21077641109 0.0280430106053 0.000654792148489
0.011133309097 0.222777581314 0.0277489568733 0.000656066109232
0.0111889756425 0.185946899238 0.0247663257757 0.000657346439778
0.0112449205207 0.174442225963 0.0241491547616 0.000658633171977
0.0113011451233 0.152134221894 0.0216087145487 0.000659926337837
0.011357650849 0.142417543166 0.0206870551953 0.000661225969526
0.0114144391032 0.164506776102 0.0226545367013 0.000662532099373
0.0114715112987 0.141716421372 0.0200554282341 0.00066384475987
0.0115288688552 0.120466499225 0.0185793508654 0.00066516398367
0.0115865131995 0.13994690159 0.0194829830459 0.000666489803588
0.0116444457655 0.166840039734 0.0216364509113 0.000667822252606
0.0117026679943 0.118792216304 0.0176818461607 0.000669161363869
0.0117611813343 0.115796142097 0.0178980216802 0.000670507170688
0.0118199872409 0.137685752572 0.0183188585927 0.000671859706542
0.0118790871772 0.0818319263485 0.0143811279554 0.000673219005075
0.011938482613 0.0939173591585 0.0156304476578 0.0006745851001
0.0119981750261 0.0945461018315 0.0156462920292 0.0006759580256
0.0120581659012 0.0999291357613 0.0097227304969 0.000677337815728
0.0121184567307 0.102092477536 0.0096723851657 0.000678724504807
0.0121790490144 0.0993798253117 0.00937751404101 0.000680118127331
0.0122399442595 0.0843058494024 0.00842642284951 0.000681518717968
0.0123011439808 0.0612836949498 0.0071536300973 0.000682926311558
0.0123626497007 0.0718349267575 0.00778714610499 0.000684340943115
0.0124244629492 0.0786032823786 0.00980177705166 0.000685762647831
0.0124865852639 0.088922115862 0.0103241770941 0.00068719146107
0.0125490181902 0.0801727881462 0.00930426251031 0.000688627418375
0.0126117632812 0.0768983090865 0.00894503899557 0.000690070555467
0.0126748220976 0.0599004374188 0.00787523198576 0.000691520908245
0.0127381962081 0.0594529735068 0.00778411180142 0.000692978512786
0.0128018871891 0.0644875109896 0.00827277657474 0.00069444340535
0.0128658966251 0.078114769923 0.00897145424097 0.000695915622377
0.0129302261082 0.0550716307757 0.00709958496473 0.000697395200488
0.0129948772387 0.0615276635993 0.00759623332061 0.000698882176491
0.0130598516249 0.0569357804394 0.00705893426633 0.000700376587373
0.0131251508831 0.049128364702 0.00639107702796 0.00070187847031
0.0131907766375 0.0537881456313 0.0065313889847 0.000703387862662
0.0132567305207 0.0624351193866 0.00719092469932 0.000704904801975
0.0133230141733 0.0501543138557 0.00626464648198 0.000706429325985
0.0133896292441 0.0589948032818 0.00685716372326 0.000707961472615
0.0134565773903 0.0452693862053 0.00595060130367 0.000709501279978
0.0135238602773 0.0570927061595 0.00659125863453 0.000711048786378
0.0135914795787 0.0461889370769 0.00573378513771 0.00071260403031
0.0136594369766 0.0365980517375 0.00506648634054 0.000714167050461
0.0137277341615 0.0354770553132 0.00498940634144 0.000715737885714
0.0137963728323 0.0366535815204 0.00502684753257 0.000717316575142
0.0138653546964 0.0350251607614 0.00494022132507 0.000718903158018
0.0139346814699 0.0397067319003 0.00509087644296 0.000720497673808
0.0140043548773 0.031617533642 0.0045356575787 0.000722100162177
0.0140743766516 0.0363794943452 0.00463409657525 0.000723710662988
0.0141447485349 0.0412997306439 0.00506414008797 0.000725329216303
0.0142154722776 0.0420965681787 0.00515407116691 0.000726955862384
0.014286549639 0.0362661109263 0.00469789875127 0.000728590641696
0.0143579823872 0.0398595939291 0.00463125457289 0.000730233594905
0.0144297722991 0.0317931441841 0.00411800931831 0.000731884762879
0.0145019211606 0.0242373897842 0.00358276546642 0.000733544186694
0.0145744307664 0.0336426654228 0.00428506441612 0.000735211907627
0.0146473029202 0.0352691368369 0.0042079216701 0.000736887967165
0.0147205394348 0.0299290045772 0.00377998110013 0.000738572407001
0.014794142132 0.0274276159628 0.00362981042925 0.000740265269036
0.0148681128427 0.0238301605234 0.0034104365182 0.000741966595381
0.0149424534069 0.0299238858927 0.00372006491801 0.000743676428358
0.0150171656739 0.0327880465055 0.00388157256294 0.0007453948105
0.0150922515023 0.0281121238168 0.00351150456508 0.000747121784552
0.0151677127598 0.0283777512013 0.00351076530427 0.000748857393475
0.0152435513236 0.0212253421754 0.00303444295476 0.000750601680443
0.0153197690802 0.0227774285534 0.00308099920172 0.000752354688845
0.0153963679256 0.02041143559 0.00292064662318 0.000754116462289
0.0154733497652 0.0205484732909 0.00285787054164 0.0007558870446
0.0155507165141 0.0248211462751 0.00317629361317 0.000757666479823
0.0156284700966 0.0203113889199 0.00275862623873 0.000759454812223
0.0157066124471 0.0158351956115 0.00238836946412 0.000761252086284
0.0157851455094 0.0198464911706 0.00265694059325 0.000763058346715
0.0158640712369 0.0187180973524 0.00256127725979 0.000764873638449
0.0159433915931 0.0171304735837 0.00249424541297 0.000766698006641
0.0160231085511 0.0165044758603 0.00234813071678 0.000768531496674
0.0161032240938 0.0176493734086 0.00242220984397 0.000770374154158
0.0161837402143 0.0148977638769 0.00212913862238 0.000772226024928
0.0162646589153 0.0150209011024 0.00219040086447 0.000774087155053
0.0163459822099 0.0127345538974 0.00203967066568 0.000775957590828
0.016427712121 0.0173091212815 0.00182899311743 0.000777837378782
0.0165098506816 0.015581376382 0.00161506435832 0.000779726565676
0.016592399935 0.0165937333951 0.00169805350277 0.000781625198505
0.0166753619347 0.0128185580101 0.0014540409014 0.000783533324497
0.0167587387443 0.0167505896072 0.00174105524245 0.00078545099112
0.0168425324381 0.0130569544824 0.00140073558106 0.000787378246075
0.0169267451002 0.0122809397167 0.00134649913334 0.000789315137306
0.0170113788257 0.0133935153531 0.00140135584349 0.000791261712992
0.0170964357199 0.0137579599601 0.00204776985192 0.000793218021557
0.0171819178985 0.0184087261674 0.00243903178086 0.000795184111665
0.017267827488 0.0173508441595 0.00233057143108 0.000797160032223
0.0173541666254 0.0176086884096 0.00231990837888 0.000799145832384
0.0174409374585 0.0176921012108 0.00233656554263 0.000801141561546
0.0175281421458 0.0153527911292 0.00205661840998 0.000803147269354
0.0176157828566 0.0145117068256 0.00201747784673 0.000805163005701
0.0177038617708 0.0134422024496 0.00197096017048 0.000807188820729
0.0177923810797 0.0138005670436 0.00193757732099 0.000809224764833
0.0178813429851 0.0114402061024 0.00165878420633 0.000811270888657
0.0179707497 0.0123125826959 0.00173996752605 0.0008133272431
0.0180606034485 0.0112617825162 0.00166496211816 0.000815393879316
0.0181509064658 0.0130030406874 0.00174622999835 0.000817470848712
0.0182416609981 0.00837552308259 0.00138098339965 0.000819558202956
0.0183328693031 0.0092893638523 0.00134806677945 0.000821655993971
0.0184245336496 0.0112824899115 0.00157049874044 0.000823764273941
0.0185166563178 0.0132152349619 0.00172452245279 0.00082588309531
0.0186092395994 0.00772778564336 0.00127490276387 0.000828012510787
0.0187022857974 0.00870115455485 0.001331298963 0.000830152573341
0.0187957972264 0.00895528323811 0.00140142768378 0.000832303336208
0.0188897762125 0.0112860872058 0.0014995816496 0.000834464852889
0.0189842250936 0.0127156625688 0.00161342825889 0.000836637177153
0.0190791462191 0.00922228938314 0.00131438698472 0.000838820363039
0.0191745419502 0.00916050369621 0.00132884326928 0.000841014464854
0.0192704146599 0.010064919173 0.00138810128771 0.000843219537178
0.0193667667332 0.00812373114091 0.00117887540992 0.000845435634864
0.0194636005669 0.0076027828232 0.00115275252241 0.000847662813038
0.0195609185697 0.00668655348629 0.00105611486521 0.000849901127104
0.0196587231626 0.0074549767776 0.00114172046789 0.000852150632739
0.0197570167784 0.00607546022048 0.00097442227096 0.000854411385903
0.0198558018623 0.00641109991842 0.000971613093132 0.000856683442832
0.0199550808716 0.00792931446912 0.00116825883322 0.000858966860047
0.0200548562759 0.00623304664642 0.000971748297026 0.000861261694347
0.0201551305573 0.00484220891356 0.000890032289263 0.000863568002819
0.0202559062101 0.00737861959642 0.00108226634169 0.000865885842833
0.0203571857412 0.00592569166407 0.0009309617166 0.000868215272047
0.0204589716699 0.00610593642259 0.000933390448282 0.000870556348407
0.0205612665282 0.00667738087854 0.000971619256662 0.000872909130149
0.0206640728609 0.00567520068463 0.000883467179669 0.0008752736758
0.0207673932252 0.00567793016797 0.000876041255951 0.000877650044179
0.0208712301913 0.00635980677338 0.000919295546867 0.0008800382944
0.0209755863422 0.00569103031666 0.000872025615004 0.000882438485872
0.021080464274 0.00529785626587 0.000816526937752 0.000884850678301
0.0211858665953 0.00564050048393 0.000799031699994 0.000887274931693
0.0212917959283 0.00544205381922 0.000803981126512 0.000889711306351
0.0213982549079 0.00484661517016 0.000732188829263 0.000892159862883
0.0215052461825 0.00544122451554 0.000833060739788 0.000894620662197
0.0216127724134 0.00385533499573 0.000646450420353 0.000897093765508
0.0217208362755 0.00490751054254 0.000742659957687 0.000899579234336
0.0218294404568 0.00411901009311 0.00070867165083 0.000902077130507
0.0219385876591 0.00360540936241 0.000605333058584 0.00090458751616
0.0220482805974 0.00420174648075 0.000671521019495 0.000907110453741
0.0221585220004 0.00372104447699 0.000635930828052 0.000909646006009
0.0222693146104 0.00377087521526 0.00059602694265 0.000912194236039
0.0223806611835 0.00469515960068 0.000687017975569 0.00091475520722
0.0224925644894 0.00405755381572 0.00061461512173 0.000917328983256
0.0226050273118 0.00413470871599 0.000639670772111 0.000919915628172
0.0227180524484 0.00461521979969 0.000668231550401 0.000922515206313
0.0228316427106 0.00395332124486 0.000594481252826 0.000925127782344
0.0229458009242 0.00365257644197 0.000579418205274 0.000927753421256
0.0230605299288 0.00451831137138 0.000635319056565 0.000930392188362
0.0231758325784 0.00272289164916 0.000505357719377 0.000933044149304
0.0232917117413 0.00321931094392 0.000530850421227 0.000935709370051
0.0234081703 0.00310313619445 0.00051923017181 0.000938387916901
0.0235252111515 0.00273721008382 0.000467613042565 0.000941079856486
0.0236428372073 0.00258958479582 0.000469300866134 0.000943785255768
0.0237610513933 0.00272592341543 0.000477482991686 0.000946504182047
0.0238798566503 0.00291460683678 0.000487070333383 0.000949236702957
0.0239992559336 0.00280577927143 0.000470378801803 0.000951982886472
0.0241192522132 0.00267693414802 0.000449506238047 0.000954742800904
0.0242398484743 0.00211153988736 0.000415603387904 0.000957516514909
0.0243610477167 0.00235495563999 0.000406594057448 0.000960304097483
0.0244828529552 0.00254515496917 0.000432343607235 0.000963105617971
0.02460526722 0.00238331169314 0.00041651601061 0.000965921146061
0.0247282935561 0.00271306920981 0.000441842892365 0.000968750751791
0.0248519350239 0.00247222844135 0.000418208348302 0.00097159450555
0.024976194699 0.00252705458726 0.000431939814909 0.000974452478078
0.0251010756725 0.00294993034853 0.000453450518595 0.000977324740468
0.0252265810509 0.00213607338224 0.000379564233837 0.00098021136417
0.0253527139561 0.00196445320339 0.000365244537073 0.000983112420991
0.0254794775259 0.00223993570941 0.000391333689125 0.000986027983096
0.0256068749135 0.00238749332813 0.000399335663452 0.000988958123012
0.0257349092881 0.00215493630436 0.000380646981867 0.000991902913627
0.0258635838346 0.0016201494798 0.000319189428042 0.000994862428195
0.0259929017537 0.00224395765351 0.000375991239675 0.000997836740336
0.0261228662625 0.00178569603992 0.000331620484711 0.00100082592404
0.0262534805938 0.00209395009446 0.000205538354036 0.00100383005366
0.0263847479968 0.00209216654283 0.000202000670779 0.00100684920393
0.0265166717368 0.0017437982528 0.000165992184531 0.00100988344995
0.0266492550954 0.0016433676704 0.000171319603754 0.0010129328672
0.0267825013709 0.00179908824233 0.000180476210126 0.00101599753153
0.0269164138778 0.00162934461216 0.00016116708065 0.00101907751919
0.0270509959472 0.00128899208668 0.000142555800903 0.00102217290678
0.0271862509269 0.00132872821994 0.000147843874495 0.00102528377132
0.0273221821815 0.00162755953503 0.000164920301887 0.00102841019018
0.0274587930924 0.00164734772209 0.00016441265992 0.00103155224113
0.0275960870579 0.00170103711686 0.000136555805258 0.00103471000233
0.0277340674932 0.00170226825354 0.000138994245427 0.00103788355234
0.0278727378307 0.00143340302989 0.000121338286416 0.00104107297011
0.0280121015198 0.00156341677299 0.000135872867221 0.00104427833496
0.0281521620274 0.00173509885655 0.000145616782584 0.00104749972663
0.0282929228376 0.00153689583163 0.000132679790667 0.00105073722526
0.0284343874517 0.00159681803139 0.000132722102408 0.00105399091139
0.028576559389 0.00126977727375 0.000113050606522 0.00105726086595
0.0287194421859 0.00162313305292 0.000133964160002 0.00106054717028
0.0288630393969 0.00125207070651 0.000109326081191 0.00106384990613
0.0290073545939 0.00139738478045 0.000115398449936 0.00106716915566
0.0291523913668 0.00151326985662 0.000122942949239 0.00107050500144
0.0292981533237 0.00123351212408 0.000106855680582 0.00107385752644
0.0294446440903 0.00126869643803 0.000106878284021 0.00107722681408
0.0295918673107 0.00134140842951 0.000115402252784 0.00108061294815
0.0297398266473 0.00106834015205 9.54119579005e-05 0.00108401601289
0.0298885257805 0.00116333678783 0.000100180257021 0.00108743609295
0.0300379684094 0.00136760598363 0.000113681719406 0.00109087327342
0.0301881582515 0.00112988256871 9.90826102274e-05 0.00109432763978
0.0303390990427 0.00120695045147 0.000103831141541 0.00109779927798
0.0304907945379 0.000992609281928 8.89309237428e-05 0.00110128827437
0.0306432485106 0.00106171106275 9.52220566453e-05 0.00110479471574
0.0307964647532 0.00091954599232 8.81321784494e-05 0.00110831868932
0.0309504470769 0.00108970322924 9.39063603794e-05 0.00111186028277
0.0311051993123 0.00123189304186 0.000107132432248 0.00111541958418
0.0312607253089 0.00114627942985 9.97741936402e-05 0.0011189966821
0.0314170289354 0.000865408168443 8.17380796428e-05 0.00112259166552
0.0315741140801 0.000997961532093 9.0056667003e-05 0.00112620462384
0.0317319846505 0.00092398625643 8.66253716531e-05 0.00112983564696
0.0318906445738 0.000896424807313 8.13962129153e-05 0.0011334848252
0.0320500977966 0.000916394213478 8.06488505731e-05 0.00113715224932
0.0322103482856 0.000836382745374 7.92381336712e-05 0.00114083801057
0.0323714000271 0.00103047730999 9.41771161992e-05 0.00114454220062
0.0325332570272 0.0011071347789 9.74990201671e-05 0.00114826491163
0.0326959233123 0.000805996290408 7.98242350854e-05 0.00115200623618
0.0328594029289 0.000825831247897 8.25984385255e-05 0.00115576626736
0.0330236999435 0.00081952562564 8.04704425355e-05 0.0011595450987
0.0331888184432 0.000871591339052 8.75217965019e-05 0.00116334282419
0.0333547625355 0.00084235831123 8.23243811878e-05 0.00116715953832
0.0335215363481 0.000788850786824 7.97970978644e-05 0.00117099533601
0.0336891440299 0.000735274152903 7.51935498112e-05 0.00117485031269
0.03385758975 0.000854579980839 8.66808068671e-05 0.00117872456425
0.0340268776988 0.000678810974788 7.09121841325e-05 0.00118261818707
0.0341970120873 0.000687294177117 7.13365818214e-05 0.00118653127801
0.0343679971477 0.00075987023318 7.56015998231e-05 0.0011904639344
0.0345398371334 0.000656641863885 6.62389802546e-05 0.00119441625407
0.0347125363191 0.000680159735153 6.84105479136e-05 0.00119838833534
0.0348860990007 0.000627463446012 6.69333483414e-05 0.00120238027702
0.0350605294957 0.000663088302525 7.24786777041e-05 0.0012063921784
0.0352358321432 0.000627868517718 6.69622712243e-05 0.00121042413929
0.0354120113039 0.000517321442892 6.04159453081e-05 0.00121447625999
0.0355890713604 0.000701091852739 7.19923300608e-05 0.00121854864129
0.0357670167172 0.000687247715404 6.96445098662e-05 0.0012226413845
0.0359458518008 0.000542380748026 6.03839029256e-05 0.00122675459142
0.0361255810598 0.000587215485656 6.4055505242e-05 0.00123088836438
0.0363062089651 0.000584298265654 6.55842878071e-05 0.0012350428062
0.0364877400099 0.000543148178102 6.12736878463e-05 0.00123921802023
0.03667017871 0.000525313031937 6.47713665038e-05 0.00124341411033
0.0368535296035 0.000567295746794 6.25101445647e-05 0.00124763118088
0.0370377972516 0.000471540774614 5.70644317392e-05 0.00125186933679
0.0372229862378 0.000482986290252 5.80853307922e-05 0.00125612868347
0.037409101169 0.000500439931863 5.98843882672e-05 0.00126040932689
0.0375961466749 0.000497116313581 6.02660502666e-05 0.00126471137352
0.0377841274082 0.000508373918175 6.17756756154e-05 0.00126903493039
0.0379730480453 0.000377850079964 5.5280233679e-05 0.00127338010504
0.0381629132855 0.000464706566566 6.13020500897e-05 0.00127774700557
0.0383537278519 0.000500447697517 6.26941867433e-05 0.00128213574059
0.0385454964912 0.000377140722481 5.09651808162e-05 0.0012865464193
0.0387382239736 0.000353668559933 4.82636828774e-05 0.00129097915139
0.0389319150935 0.00040092955501 5.42226233164e-05 0.00129543404715
0.039126574669 0.000381545458306 4.98815698363e-05 0.00129991121739
0.0393222075423 0.000405293352332 5.35484788211e-05 0.00130441077347
0.03951881858 0.000388139532987 5.01977915924e-05 0.00130893282734
0.0397164126729 0.000331737527652 4.79894776002e-05 0.00131347749148
0.0399149947363 0.000318637581737 4.78286196276e-05 0.00131804487893
0.04011456971 0.000285529845412 4.45828811936e-05 0.00132263510333
0.0403151425585 0.000409843285977 5.34258807364e-05 0.00132724827885
0.0405167182713 0.000333689721692 4.60826432608e-05 0.00133188452024
0.0407193018627 0.000367562732605 4.91292847149e-05 0.00133654394284
0.040922898372 0.000311343343223 4.5618823878e-05 0.00134122666256
0.0411275128639 0.000340704596545 4.75557642331e-05 0.00134593279587
0.0413331504282 0.000300918258425 4.36674123337e-05 0.00135066245985
0.0415398161803 0.000354780070957 4.74443472128e-05 0.00135541577215
0.0417475152612 0.000336537806791 4.70203841112e-05 0.00136019285101
0.0419562528375 0.000204215837035 3.78354306535e-05 0.00136499381526
0.0421660341017 0.000223440900073 3.67473275585e-05 0.00136981878434
0.0423768642722 0.00023553312062 3.72566642719e-05 0.00137466787826
0.0425887485936 0.000217648550182 3.65128307733e-05 0.00137954121765
0.0428016923365 0.000249319729867 3.89386210247e-05 0.00138443892374
0.0430157007982 0.000253358947456 3.82127779441e-05 0.00138936111836
0.0432307793022 0.00023139385288 3.9342053914e-05 0.00139430792395
0.0434469331987 0.000205664571503 3.72548906251e-05 0.00139927946357
0.0436641678647 0.000246948147703 3.77721193604e-05 0.00140427586089
0.043882488704 0.000247188604979 3.75769249648e-05 0.00140929724019
0.0441019011476 0.000252794080605 3.95238697493e-05 0.00141434372639
0.0443224106533 0.000228465650817 3.70222900695e-05 0.00141941544503
0.0445440227066 0.000191632515916 3.47963317637e-05 0.00142451252225
0.0447667428201 0.000247049686126 3.74885041088e-05 0.00142963508486
0.0449905765342 0.000232328948361 3.58397662488e-05 0.00143478326029
0.0452155294169 0.000229637397001 3.54230824752e-05 0.00143995717659
0.045441607064 0.000296704496313 4.10919685705e-05 0.00144515696247
0.0456688150993 0.000206360592934 3.52770189546e-05 0.00145038274728
0.0458971591748 0.000154901437845 3.04363575091e-05 0.00145563466102
0.0461266449706 0.00023317229921 3.76538441877e-05 0.00146091283432
0.0463572781955 0.000211310739174 3.60482911994e-05 0.0014662173985
0.0465890645865 0.000229338134103 3.55953089609e-05 0.00147154848549
0.0468220099094 0.000217234073595 3.59433144626e-05 0.00147690622792
0.047056119959 0.000233316253764 3.58775679754e-05 0.00148229075906
0.0472914005588 0.00016551700305 3.05085332348e-05 0.00148770221285
0.0475278575615 0.000183732451586 3.2116924845e-05 0.00149314072392
0.0477654968494 0.000216584235729 3.5756050463e-05 0.00149860642754
0.0480043243336 0.000145535270942 3.08355078e-05 0.00150409945967
0.0482443459553 0.000175311483017 3.26856236015e-05 0.00150961995697
0.048485567685 0.000147898240113 3.15213080775e-05 0.00151516805676
0.0487279955235 0.000188507474279 3.27442278095e-05 0.00152074389704
0.0489716355011 0.00013178003719 2.74481640285e-05 0.00152634761653
0.0492164936786 0.000176406525694 3.08579720407e-05 0.00153197935461
0.049462576147 0.00015494061313 2.91923694916e-05 0.00153763925138
0.0497098890277 0.000131857392695 2.78787848167e-05 0.00154332744764
0.0499584384729 0.000110677531337 2.607772874e-05 0.00154904408488
0.0502082306652 0.000132880168422 2.93124759939e-05 0.0015547893053
0.0504592718186 0.000138661464613 2.83224293247e-05 0.00156056325183
0.0507115681776 0.000143733215633 2.83315534771e-05 0.00156636606809
0.0509651260185 0.000112422073824 2.53246893997e-05 0.00157219789843
0.0512199516486 0.00013403372371 2.71834313246e-05 0.00157805888792
0.0514760514069 0.000127116528459 1.54382943624e-05 0.00158394918236
0.0517334316639 0.000116137064447 1.44365756747e-05 0.00158986892827
0.0519920988222 0.000116579599773 1.50801877869e-05 0.00159581827291
0.0522520593163 0.000128110845516 1.61264199929e-05 0.00160179736428
0.0525133196129 0.000107102560261 1.49038737133e-05 0.0016078063511
0.052775886211 9.03009998174e-05 1.24797167733e-05 0.00161384538285
0.053039765642 0.000105525526198 1.45764921561e-05 0.00161991460977
0.0533049644702 0.000103833269149 1.38029073018e-05 0.00162601418282
0.0535714892926 0.000115294640608 1.46899969242e-05 0.00163214425373
0.0538393467391 9.91183542634e-05 1.35839127169e-05 0.001638304975
0.0541085434728 0.00011431548439 1.53517692211e-05 0.00164449649987
0.0543790861901 0.000119887454216 1.53325522844e-05 0.00165071898237
0.0546509816211 8.27851590778e-05 1.31541863266e-05 0.00165697257728
0.0549242365292 9.31229965422e-05 1.3653936178e-05 0.00166325744017
0.0551988577118 9.89546178458e-05 1.35123710556e-05 0.00166957372737
0.0554748520004 0.000100850457056 1.40903097777e-05 0.00167592159601
0.0557522262604 9.15884383726e-05 1.26211627985e-05 0.00168230120399
0.0560309873917 7.19094640541e-05 1.11508727598e-05 0.00168871271001
0.0563111423286 9.49806635098e-05 1.34692337435e-05 0.00169515627356
0.0565926980403 8.30248681622e-05 1.21811246206e-05 0.00170163205493
0.0568756615305 8.4071291912e-05 1.18885661668e-05 0.0017081402152
0.0571600398381 9.30711353453e-05 1.30407241213e-05 0.00171468091628
0.0574458400373 9.05384886509e-05 1.29618582117e-05 0.00172125432086
0.0577330692375 8.30202621603e-05 1.26713234753e-05 0.00172786059246
0.0580217345837 9.93216372623e-05 1.37147031731e-05 0.00173449989543
0.0583118432566 6.96085720556e-05 1.10680395824e-05 0.0017411723949
0.0586034024729 7.58845218912e-05 1.25261008842e-05 0.00174787825688
0.0588964194853 8.0784468659e-05 1.2991124897e-05 0.00175461764816
0.0591909015827 7.98801313802e-05 1.24858615107e-05 0.0017613907364
0.0594868560906 6.67849335218e-05 1.13935094687e-05 0.00176819769008
0.0597842903711 7.29085462452e-05 1.23614241157e-05 0.00177503867853
0.0600832118229 7.87597445999e-05 1.31688979619e-05 0.00178191387193
0.060383627882 6.77024102281e-05 7.73502863834e-06 0.00178882344129
0.0606855460214 6.4521880717e-05 7.31540969522e-06 0.00179576755849
0.0609889737515 6.89900168593e-05 7.97214944348e-06 0.00180274639629
0.0612939186203 5.77027319937e-05 7.25140280968e-06 0.00180976012827
0.0616003882134 6.34181576373e-05 7.14291067089e-06 0.00181680892891
0.0619083901545 7.89338688139e-05 8.30466310668e-06 0.00182389297355
0.0622179321052 5.61351551334e-05 7.09469130519e-06 0.00183101243842
0.0625290217658 6.66394059387e-05 7.27990049015e-06 0.00183816750061
0.0628416668746 5.7025430017e-05 6.68343680484e-06 0.00184535833812
0.063155875209 5.75582959238e-05 6.79309058103e-06 0.00185258512981
0.063471654585 6.22258738617e-05 7.32831927202e-06 0.00185984805546
0.0637890128579 6.26570128523e-05 7.46260340353e-06 0.00186714729573
0.0641079579222 5.34355440287e-05 6.7022122849e-06 0.00187448303221
0.0644284977118 4.79169293588e-05 6.37520629979e-06 0.00188185544737
0.0647506402004 4.69769380409e-05 6.48279686621e-06 0.00188926472461
0.0650743934014 7.08625474934e-05 8.11143379244e-06 0.00189671104823
0.0653997653684 5.36347022347e-05 6.85032080996e-06 0.00190419460347
0.0657267641953 5.45587139418e-05 6.90398893834e-06 0.00191171557649
0.0660553980162 4.22214541724e-05 6.13434393742e-06 0.00191927415437
0.0663856750063 5.49006747595e-05 6.97217090317e-06 0.00192687052515
0.0667176033813 3.97176586631e-05 5.87433824006e-06 0.00193450487777
0.0670511913983 3.94924440928e-05 5.58459467771e-06 0.00194217740216
0.0673864473552 4.6945094982e-05 6.20886783057e-06 0.00194988828917
0.067723379592 5.46372456174e-05 6.24240561627e-06 0.00195763773062
0.06806199649 4.50834497618e-05 5.78282220274e-06 0.00196542591927
0.0684023064724 5.25940755362e-05 6.29695241264e-06 0.00197325304887
0.0687443180048 4.95751635842e-05 6.47907228037e-06 0.00198111931411
0.0690880395948 3.82759845197e-05 5.53516715224e-06 0.00198902491068
0.0694334797928 3.87675926752e-05 5.48995349663e-06 0.00199697003523
0.0697806471918 4.68285116879e-05 6.20705589809e-06 0.00200495488541
0.0701295504277 4.6325347497e-05 5.97743528398e-06 0.00201297965984
0.0704801981799 3.83043067944e-05 5.52808347409e-06 0.00202104455814
0.0708325991708 3.66942771395e-05 5.21170925129e-06 0.00202914978093
0.0711867621666 3.53360623685e-05 5.57440389973e-06 0.00203729552983
0.0715426959774 3.19886286538e-05 4.91229614343e-06 0.00204548200748
0.0719004094573 4.1769046453e-05 6.15162798484e-06 0.00205370941752
0.0722599115046 3.53981684875e-05 5.2388959856e-06 0.00206197796461
0.0726212110621 3.54404816265e-05 5.24489524217e-06 0.00207028785443
0.0729843171174 3.25573834604e-05 5.06651621863e-06 0.0020786392937
0.073349238703 3.821390248e-05 5.4804322401e-06 0.00208703249017
0.0737159848965 3.66739963347e-05 5.50201752354e-06 0.00209546765262
0.074084564821 3.21593624393e-05 5.31160911804e-06 0.00210394499088
0.0744549876451 3.80928243862e-05 6.14127780525e-06 0.00211246471584
0.0748272625834 2.563653093e-05 4.80561425929e-06 0.00212102703942
0.0752013988963 4.67411794114e-05 6.2932860701e-06 0.00212963217461
0.0755774058908 2.59045661387e-05 4.92115631381e-06 0.00213828033549
0.0759552929202 2.60957161671e-05 4.43739970273e-06 0.00214697173716
0.0763350693848 3.88266405466e-05 5.76363938577e-06 0.00215570659585
0.0767167447317 2.87655307687e-05 4.82321520199e-06 0.00216448512883
0.0771003284554 3.603156256e-05 5.39269293926e-06 0.00217330755447
0.0774858300977 2.51883838565e-05 4.61361908412e-06 0.00218217409225
0.0778732592482 3.05014230597e-05 5.27196740249e-06 0.00219108496271
0.0782626255444 2.79831189517e-05 4.60870038127e-06 0.00220004038752
0.0786539386721 2.95305372943e-05 4.75214554661e-06 0.00220904058946
0.0790472083655 2.42529981574e-05 4.76309372415e-06 0.00221808579241
0.0794424444073 2.44929648276e-05 4.32346096275e-06 0.00222717622137
0.0798396566294 2.86232768505e-05 4.67728282991e-06 0.00223631210248
0.0802388549125 2.91293718873e-05 4.77544586322e-06 0.00224549366299
0.0806400491871 3.06864769873e-05 4.85230731739e-06 0.0022547211313
0.081043249433 2.88834825877e-05 4.62278214126e-06 0.00226399473696
0.0814484656802 2.50251922134e-05 4.37384140748e-06 0.00227331471064
0.0818557080086 2.09654976004e-05 4.2383673721e-06 0.0022826812842
0.0822649865486 2.75674659265e-05 4.58312547244e-06 0.00229209469062
0.0826763114813 2.5983903517e-05 4.30776133653e-06 0.00230155516407
0.0830896930388 2.44308535029e-05 4.01841843498e-06 0.00231106293989
0.0835051415039 2.78861243649e-05 4.38547355459e-06 0.00232061825459
0.0839226672115 3.02867878015e-05 4.66655857065e-06 0.00233022134586
0.0843422805475 2.38507917621e-05 4.08729770596e-06 0.00233987245259
0.0847639919503 2.99503047869e-05 4.62997692679e-06 0.00234957181486
0.08518781191 2.00396712536e-05 3.84828327281e-06 0.00235931967393
0.0856137509696 1.98663176841e-05 3.61186921221e-06 0.0023691162723
0.0860418197244 2.00010995386e-05 3.67419088762e-06 0.00237896185366
0.086472028823 1.81462824427e-05 4.06957289117e-06 0.00238885666293
0.0869043889671 1.5492265769e-05 3.73627136731e-06 0.00239880094624
0.087338910912 1.35390655984e-05 3.30909093509e-06 0.00240879495098
0.0877756054665 1.71240331687e-05 3.53938673871e-06 0.00241883892573
0.0882144834939 2.17585699721e-05 3.85642957719e-06 0.00242893312036
0.0886555559113 1.67392678822e-05 3.54927888699e-06 0.00243907778596
0.0890988336909 1.75383729703e-05 3.8072603776e-06 0.00244927317489
0.0895443278594 2.32477076816e-05 4.06775111485e-06 0.00245951954077
0.0899920494987 1.39838927361e-05 3.41335256806e-06 0.00246981713847
0.0904420097461 1.5307303648e-05 3.52144057434e-06 0.00248016622416
0.0908942197949 1.68258327674e-05 3.5630255454e-06 0.00249056705528
0.0913486908939 1.64310065889e-05 3.32684556138e-06 0.00250101989056
0.0918054343483 1.0882903845e-05 3.30090565263e-06 0.00251152499001
0.0922644615201 1.92740022462e-05 3.56373934223e-06 0.00252208261496
0.0927257838277 1.59150693058e-05 3.50744922826e-06 0.00253269302804
0.0931894127468 1.84409757663e-05 3.50335580899e-06 0.00254335649318
0.0936553598105 2.00454534037e-05 3.73445501363e-06 0.00255407327564
0.0941236366096 2.47655314629e-05 4.11284517814e-06 0.00256484364202
0.0945942547926 1.67205745568e-05 3.58889870933e-06 0.00257566786023
0.0950672260666 1.8741604356e-05 3.58661378387e-06 0.00258654619953
0.0955425621969 1.43634557214e-05 3.22470373517e-06 0.00259747893053
0.0960202750079 1.14372176654e-05 3.42859049161e-06 0.00260846632518
0.096500376383 1.16951843877e-05 3.01643249874e-06 0.00261950865681
0.0969828782649 9.77102987349e-06 2.96445485602e-06 0.00263060620009
0.0974677926562 1.39654929938e-05 3.19592578666e-06 0.00264175923109
0.0979551316195 6.30664045458e-06 3.03675741657e-06 0.00265296802725
0.0984449072776 9.5029628446e-06 2.94011415053e-06 0.00266423286738
0.098937131814 1.34886595637e-05 3.00439996817e-06 0.00267555403172
0.099431817473 1.47307143803e-05 3.18864710385e-06 0.00268693180188
0.0999289765604 7.88409374503e-06 2.83680021323e-06 0.00269836646089
0.100428621443 1.16553881666e-05 2.93433863032e-06 0.00270985829319
0.10093076455 1.32111279095e-05 1.75414717042e-06 0.00272140758466
0.101435418373 1.51648385319e-05 1.88294666836e-06 0.00273301462258
0.101942595465 1.26910218154e-05 1.7562119133e-06 0.0027446796957
0.102452308442 1.09069966849e-05 1.65918744898e-06 0.00275640309417
0.102964569985 1.02352858917e-05 1.67729271459e-06 0.00276818510965
0.103479392834 1.21315403804e-05 1.68532768676e-06 0.00278002603519
0.103996789799 1.40153608382e-05 1.81039985059e-06 0.00279192616537
0.104516773748 1.13312294296e-05 1.60889790056e-06 0.0028038857962
0.105039357616 1.29233732046e-05 1.79064405371e-06 0.00281590522518
0.105564554404 8.89755862533e-06 1.4983413821e-06 0.0028279847513
0.106092377177 9.60927105583e-06 1.62512810869e-06 0.00284012467506
0.106622839062 1.18629903479e-05 1.70010117138e-06 0.00285232529843
0.107155953258 1.00077817444e-05 1.59837818436e-06 0.00286458692493
0.107691733024 7.69478841046e-06 1.43338829614e-06 0.00287690985955
0.108230191689 8.85298066986e-06 1.49882860947e-06 0.00288929440885
0.108771342648 1.14571072644e-05 1.7055615942e-06 0.00290174088089
0.109315199361 1.20123827887e-05 1.68180218577e-06 0.0029142495853
0.109861775358 1.11089201761e-05 1.43918983829e-06 0.00292682083322
0.110411084234 1.00807668984e-05 1.64569432029e-06 0.00293945493739
0.110963139656 1.00005026152e-05 1.50321153352e-06 0.00295215221208
0.111517955354 1.03128672222e-05 1.73465916368e-06 0.00296491297314
0.112075545131 8.18990045394e-06 1.35921698425e-06 0.002977737538
0.112635922856 8.3228483996e-06 1.57470494862e-06 0.00299062622569
0.113199102471 7.40401390005e-06 1.49557967412e-06 0.00300357935682
0.113765097983 1.06502191711e-05 1.70385665482e-06 0.00301659725361
0.114333923473 8.56660119455e-06 1.32282303875e-06 0.00302968023987
0.11490559309 7.52537644054e-06 1.2648225285e-06 0.00304282864107
0.115480121056 1.01191288284e-05 1.69074137184e-06 0.00305604278428
0.116057521661 9.66203422735e-06 1.48573183404e-06 0.0030693229982
0.116637809269 7.17396785546e-06 1.46251554272e-06 0.00308266961319
0.117220998316 7.57067215251e-06 1.47945223873e-06 0.00309608296126
0.117807103307 9.90485606834e-06 1.60106646347e-06 0.00310956337606
0.118396138824 7.31392566432e-06 1.06148443316e-06 0.00312311119294
0.118988119518 7.36601444105e-06 9.87861889354e-07 0.00313672674891
0.119583060115 8.08442330451e-06 1.01733902516e-06 0.00315041038265
0.120180975416 7.7023244305e-06 1.07343791238e-06 0.00316416243457
0.120781880293 7.60188454342e-06 9.83830109134e-07 0.00317798324674
0.121385789694 6.50034776328e-06 8.99190043981e-07 0.00319187316297
0.121992718643 6.42185045122e-06 9.98909424975e-07 0.00320583252879
0.122602682236 5.57045900584e-06 8.99668286558e-07 0.00321986169143
0.123215695647 7.74636434988e-06 9.40872492489e-07 0.00323396099989
0.123831774126 5.68081968826e-06 8.55402075549e-07 0.00324813080489
0.124450932996 5.33403903831e-06 8.96513076004e-07 0.00326237145891
0.125073187661 8.00020960546e-06 1.06110321698e-06 0.00327668331621
0.1256985536 8.69014968988e-06 1.08836437762e-06 0.00329106673279
0.126327046368 7.85821840414e-06 9.75680453724e-07 0.00330552206645
0.126958681599 5.8466450254e-06 9.57844971557e-07 0.00332004967678
0.127593475007 5.12535430575e-06 9.38389384654e-07 0.00333464992517
0.128231442382 4.75942275689e-06 8.7350428538e-07 0.00334932317479
0.128872599594 6.17663932418e-06 1.00395029609e-06 0.00336406979067
0.129516962592 8.12910169615e-06 1.02670910526e-06 0.00337889013962
0.130164547405 6.4949694011e-06 9.84635503175e-07 0.00339378459032
0.130815370142 5.6812484744e-06 9.24575653552e-07 0.00340875351327
0.131469446993 5.59964991935e-06 8.83745455873e-07 0.00342379728084
0.132126794228 5.07468774396e-06 8.2173032063e-07 0.00343891626724
0.132787428199 5.05272877582e-06 8.31022238956e-07 0.00345411084858
0.13345136534 3.99322982664e-06 7.86834781186e-07 0.00346938140282
0.134118622167 5.12312073239e-06 8.00356505375e-07 0.00348472830984
0.134789215278 4.34650329694e-06 8.10033471815e-07 0.00350015195138
0.135463161354 4.33449381751e-06 7.99443304189e-07 0.00351565271114
0.136140477161 5.28662837761e-06 8.44926296185e-07 0.0035312309747
0.136821179547 6.00196955241e-06 8.65144968195e-07 0.00354688712957
0.137505285444 5.10884109813e-06 8.67517549829e-07 0.00356262156522
0.138192811872 5.08625700668e-06 8.11702356654e-07 0.00357843467304
0.138883775931 5.30833092075e-06 7.73302261018e-07 0.00359432684641
0.139578194811 4.48883182455e-06 8.4631351699e-07 0.00361029848064
0.140276085785 3.91091906001e-06 8.22420480642e-07 0.00362634997305
0.140977466213 4.15646883279e-06 7.61354403536e-07 0.00364248172291
0.141682353545 5.34487821024e-06 8.91782574499e-07 0.00365869413152
0.142390765312 4.5165060301e-06 7.98715555191e-07 0.00367498760218
0.143102719139 5.05709919948e-06 7.90085613402e-07 0.00369136254019
0.143818232735 4.85210649829e-06 8.2925618055e-07 0.00370781935289
0.144537323898 4.18972041172e-06 7.83052251365e-07 0.00372435844966
0.145260010518 2.86262455294e-06 7.06345699483e-07 0.00374098024191
0.14598631057 2.01550120701e-06 7.02668672332e-07 0.00375768514312
0.146716242123 6.33941828101e-06 9.00436585591e-07 0.00377447356883
0.147449823334 4.1224093641e-06 8.35649106351e-07 0.00379134593668
0.14818707245 3.97674535181e-06 7.79664931128e-07 0.00380830266636
0.148928007813 2.89965885267e-06 6.86457406831e-07 0.00382534417969
0.149672647852 4.61973046565e-06 7.63433300791e-07 0.00384247090059
0.150421011091 3.49452599183e-06 7.42038866907e-07 0.00385968325509
0.151173116146 3.17340882636e-06 7.05518746206e-07 0.00387698167137
0.151928981727 2.98255221526e-06 7.10805882423e-07 0.00389436657973
0.152688626636 2.6509711912e-06 6.53368400261e-07 0.00391183841262
0.153452069769 3.53749650979e-06 7.33070843252e-07 0.00392939760469
0.154219330118 2.88696279427e-06 6.75449088968e-07 0.00394704459271
0.154990426768 3.35172933218e-06 6.97770120614e-07 0.00396477981567
0.155765378902 2.86019119505e-06 6.74686309934e-07 0.00398260371475
0.156544205797 1.25813398253e-06 6.01945212312e-07 0.00400051673333
0.157326926826 2.94772929662e-06 6.72641430733e-07 0.00401851931699
0.15811356146 2.83992196069e-06 5.99685287029e-07 0.00403661191358
0.158904129267 2.64296278678e-06 6.44776371499e-07 0.00405479497315
0.159698649914 2.47095081983e-06 6.40189624463e-07 0.00407306894801
0.160497143163 1.17016872501e-06 5.55711535043e-07 0.00409143429275
0.161299628879 3.79948531982e-06 7.01775169049e-07 0.00410989146422
0.162106127023 3.12556972191e-06 6.31999988108e-07 0.00412844092154
0.162916657658 2.226393372e-06 5.70815431144e-07 0.00414708312614
0.163731240947 2.63737354038e-06 5.71104965347e-07 0.00416581854177
0.164549897151 2.54941609511e-06 6.03195542727e-07 0.00418464763448
0.165372646637 3.11858783143e-06 6.09471374878e-07 0.00420357087266
0.16619950987 3.09620605627e-06 6.17308521514e-07 0.00422258872702
0.16703050742 2.19786255795e-06 5.89112967808e-07 0.00424170167065
0.167865659957 3.29103901374e-06 6.32909551535e-07 0.00426091017901
0.168704988257 2.84344439697e-06 5.93770918826e-07 0.0042802147299
0.169548513198 1.45013344431e-06 5.1926533679e-07 0.00429961580355
0.170396255764 3.85507053916e-06 6.6965306252e-07 0.00431911388257
0.171248237043 2.6830075972e-06 5.64043032076e-07 0.00433870945198
0.172104478228 2.55825956158e-06 5.85308301543e-07 0.00435840299924
0.172965000619 2.25869471992e-06 5.50177911962e-07 0.00437819501424
0.173829825622 2.7242316318e-06 6.00053239059e-07 0.00439808598931
0.17469897475 2.35331031536e-06 5.22754168449e-07 0.00441807641926
0.175572469624 2.2544648437e-06 5.69754548929e-07 0.00443816680135
0.176450331972 2.95987060611e-06 5.90111585024e-07 0.00445835763536
0.177332583632 2.41629345415e-06 5.91992937031e-07 0.00447864942354
0.17821924655 2.61398804463e-06 6.04123681274e-07 0.00449904267065
0.179110342783 3.06369535572e-06 6.17732707928e-07 0.00451953788401
0.180005894497 2.32052499445e-06 5.6161316426e-07 0.00454013557343
0.180905923969 2.40581652779e-06 5.93985755788e-07 0.00456083625129
0.181810453589 2.62923978031e-06 5.50044100435e-07 0.00458164043255
0.182719505857 2.51347158743e-06 5.21058733916e-07 0.00460254863471
0.183633103386 1.35815045043e-06 4.6001938096e-07 0.00462356137789
0.184551268903 1.4867252649e-06 5.10360611917e-07 0.00464467918478
0.185474025248 2.76916127878e-06 5.83448677267e-07 0.0046659025807
0.186401395374 1.7880911067e-06 5.534978193e-07 0.0046872320936
0.187333402351 1.45351063703e-06 5.27889790723e-07 0.00470866825407
0.188270069363 1.00076174923e-06 5.50262720172e-07 0.00473021159534
0.18921141971 1.97359660015e-06 5.49388463205e-07 0.00475186265332
0.190157476808 1.73057215227e-06 5.34397998652e-07 0.00477362196659
0.191108264192 1.71525602116e-06 5.37498121347e-07 0.00479549007642
0.192063805513 1.87842327907e-06 5.13227184465e-07 0.0048174675268
0.193024124541 1.87784973813e-06 5.06134817712e-07 0.00483955486443
0.193989245163 2.45176411683e-06 5.54503719604e-07 0.00486175263876
0.194959191389 2.14024223788e-06 5.32201036829e-07 0.00488406140195
0.195933987346 1.70485914334e-06 5.28402982558e-07 0.00490648170896
0.196913657283 1.67036991567e-06 4.97536519726e-07 0.00492901411751
0.197898225569 2.07041622944e-06 5.0999178264e-07 0.00495165918809
0.198887716697 1.62107243732e-06 5.1532148838e-07 0.00497441748403
0.199882155281 1.56459788669e-06 4.76008233404e-07 0.00499728957145
0.200881566057 1.71444837071e-06 5.29763978022e-07 0.00502027601931
0.201885973887 2.36857951101e-06 5.46275867383e-07 0.00504337739941
0.202895403757 1.11952660286e-06 5.00557795922e-07 0.0050665942864
0.203909880776 7.58325573301e-07 5.14966452806e-07 0.00508992725784
0.204929430179 5.04493668587e-07 4.6916568928e-07 0.00511337689413
0.20595407733 2.13491256265e-06 5.36263443158e-07 0.0051369437786
0.206983847717 1.66309215425e-06 5.29871715168e-07 0.00516062849749
0.208018766956 1.11854854532e-06 4.98168356267e-07 0.00518443163998
0.20905886079 1.12329302425e-06 4.91069522443e-07 0.00520835379818
0.210104155094 3.09686025395e-06 5.84651268472e-07 0.00523239556717
0.21115467587 1.32531178001e-06 5.13717684104e-07 0.005256557545
0.212210449249 2.2352063847e-06 5.2072230212e-07 0.00528084033273
0.213271501495 7.5650786322e-07 5.45797953212e-07 0.00530524453439
0.214337859003 1.19779351186e-06 4.91830119001e-07 0.00532977075706
0.215409548298 1.33067000956e-06 4.15865997908e-07 0.00535441961085
0.216486596039 7.97771383819e-07 4.64487011774e-07 0.0053791917089
0.217569029019 1.09711996925e-06 5.21635655915e-07 0.00540408766745
0.218656874165 1.29300770057e-06 5.24825432051e-07 0.00542910810579
0.219750158535 1.29158916319e-06 5.30320463519e-07 0.00545425364631
0.224178234242 1.46227015323e-06 5.18773079084e-07 0.00555609938757
0.225299125414 1.47226507463e-06 4.50281404399e-07 0.00558187988451
0.226425621041 1.19427587727e-06 4.39065699616e-07 0.00560778928393
0.227557749146 1.25286852682e-06 4.93386363188e-07 0.00563382823035
0.228695537892 1.15078141086e-06 4.77752893475e-07 0.00565999737151
0.229839015581 7.98443594745e-07 4.71748350131e-07 0.00568629735836
